40
Asparagus_officinalis     0.0000000 0.0695488 0.0978674 0.1386059 0.1402868 0.1405088 0.1374746 0.1390339 0.1392418 0.1375072 0.1377606 0.1388241 0.1386144 0.1402668 0.3061585 0.1379027 0.1381841 0.1396475 0.1384010 0.1404779 0.1402901 0.1374945 0.1409212 0.1386010 0.1413532 0.1400385 0.1415630 0.1403047 0.1383915 0.1413974 0.1386059 0.1398573 0.1411776 0.1396475 1.3656700 0.1407308 0.1396507 0.1377606 0.1403078 0.1413125 
Hyacinthoides_non-scripta 0.0695488 0.0000000 0.1063019 0.1414221 0.1433112 0.1435615 0.1401389 0.1416337 0.1420607 0.1392585 0.1405734 0.1416416 0.1416307 0.1443283 0.3114328 0.1407866 0.1402621 0.1416798 0.1412165 0.1413348 0.1429229 0.1401594 0.1435472 0.1409674 0.1429590 0.1419731 0.1450381 0.1433437 0.1406911 0.1446736 0.1414221 0.1422622 0.1442341 0.1416601 1.3764715 0.1442214 0.1429191 0.1400599 0.1435684 0.1443655 
Iris_germanica            0.0978674 0.1063019 0.0000000 0.1426891 0.1452714 0.1454990 0.1417794 0.1433556 0.1433318 0.1420009 0.1422686 0.1429101 0.1431320 0.1446221 0.3121948 0.1420115 0.1419382 0.1429168 0.1424823 0.1446665 0.1433648 0.1418004 0.1428946 0.1426963 0.1442045 0.1448848 0.1448321 0.1450678 0.1419495 0.1459174 0.1426891 0.1431287 0.1448844 0.1429168 1.3667183 0.1441807 0.1442079 0.1419459 0.1450852 0.1439552 
Lilium_amabile            0.1386059 0.1414221 0.1426891 0.0000000 0.0085035 0.0097957 0.0045848 0.0019917 0.0005245 0.0058320 0.0005248 0.0002610 0.0013214 0.0095340 0.1563072 0.0048633 0.0007896 0.0082646 0.0002607 0.0091296 0.0086848 0.0044440 0.0091170 0.0021271 0.0085368 0.0088228 0.0110098 0.0086583 0.0005251 0.0105663 0.0000010 0.0084044 0.0091325 0.0082667 1.0635077 0.0109978 0.0079360 0.0005250 0.0086688 0.0107316 
Lilium_apertum            0.1402868 0.1433112 0.1452714 0.0085035 0.0000000 0.0048276 0.0103678 0.0089135 0.0090848 0.0087864 0.0081925 0.0087974 0.0079076 0.0053867 0.1498717 0.0106622 0.0084869 0.0042997 0.0087916 0.0049845 0.0047068 0.0102177 0.0056849 0.0086355 0.0049814 0.0034727 0.0080682 0.0023846 0.0083495 0.0070761 0.0085066 0.0044379 0.0051289 0.0043013 1.0532255 0.0083507 0.0029197 0.0081945 0.0040072 0.0080815 
Lilium_bakerianum         0.1405088 0.1435615 0.1454990 0.0097957 0.0048276 0.0000000 0.0112389 0.0102050 0.0103820 0.0099422 0.0094763 0.0100926 0.0091871 0.0066328 0.1519053 0.0115356 0.0097736 0.0056751 0.0100873 0.0066587 0.0065093 0.0110887 0.0079302 0.0094936 0.0066595 0.0027922 0.0107973 0.0045530 0.0096351 0.0096432 0.0097981 0.0058195 0.0069470 0.0056771 1.0564541 0.0110847 0.0033218 0.0094775 0.0059324 0.0108132 
Lilium_brownii            0.1374746 0.1401389 0.1417794 0.0045848 0.0103678 0.0112389 0.0000000 0.0047100 0.0051400 0.0060788 0.0042946 0.0048640 0.0040200 0.0114138 0.1574371 0.0007879 0.0045743 0.0096633 0.0048625 0.0102467 0.0105515 0.0003929 0.0098151 0.0040104 0.0096587 0.0102257 0.0126059 0.0105230 0.0045743 0.0123103 0.0045848 0.0101112 0.0110053 0.0096644 1.0540947 0.0123128 0.0097904 0.0042946 0.0105336 0.0123244 
Lilium_bulbiferum         0.1390339 0.1416337 0.1433556 0.0019917 0.0089135 0.0102050 0.0047100 0.0000000 0.0025309 0.0059629 0.0017180 0.0022618 0.0014513 0.0099436 0.1566158 0.0047073 0.0019875 0.0086727 0.0022611 0.0092501 0.0087989 0.0045727 0.0095328 0.0022571 0.0089517 0.0092313 0.0112737 0.0090654 0.0019874 0.0112777 0.0019917 0.0088115 0.0095361 0.0086737 1.0579466 0.0114220 0.0083433 0.0017180 0.0090754 0.0106947 
Lilium_callosum           0.1392418 0.1420607 0.1433318 0.0005245 0.0090848 0.0103820 0.0051400 0.0025309 0.0000000 0.0063958 0.0010536 0.0002607 0.0018560 0.0101207 0.1571996 0.0054204 0.0013205 0.0088435 0.0007882 0.0097125 0.0092642 0.0050000 0.0096999 0.0026678 0.0091166 0.0094046 0.0116001 0.0092346 0.0010539 0.0111594 0.0005245 0.0089827 0.0097143 0.0088435 1.0657316 0.0115916 0.0085121 0.0010536 0.0092476 0.0113209 
Lilium_candidum           0.1375072 0.1392585 0.1420009 0.0058320 0.0087864 0.0099422 0.0060788 0.0059629 0.0063958 0.0000000 0.0055393 0.0061158 0.0052628 0.0099575 0.1546825 0.0063599 0.0058243 0.0083799 0.0061132 0.0086604 0.0089657 0.0059372 0.0088101 0.0049757 0.0083637 0.0089368 0.0108525 0.0086515 0.0058243 0.0108462 0.0058327 0.0088237 0.0097096 0.0083828 1.0562690 0.0107054 0.0085070 0.0055400 0.0089494 0.0105736 
Lilium_cernuum            0.1377606 0.1405734 0.1422686 0.0005248 0.0081925 0.0094763 0.0042946 0.0017180 0.0010536 0.0055393 0.0000000 0.0007890 0.0010521 0.0092158 0.1557269 0.0045714 0.0005239 0.0079520 0.0007887 0.0088116 0.0083700 0.0041549 0.0090926 0.0018525 0.0085140 0.0085068 0.0105389 0.0083441 0.0005239 0.0105389 0.0005249 0.0080911 0.0088144 0.0079539 1.0569399 0.0106800 0.0076271 0.0002612 0.0083544 0.0102622 
Lilium_concolor           0.1388241 0.1416416 0.1429101 0.0002610 0.0087974 0.0100926 0.0048640 0.0022618 0.0002607 0.0061158 0.0007890 0.0000000 0.0015889 0.0098304 0.1567542 0.0051435 0.0010550 0.0085568 0.0005247 0.0094235 0.0089768 0.0047232 0.0094114 0.0023979 0.0088295 0.0091166 0.0113084 0.0089488 0.0007894 0.0108661 0.0002610 0.0086958 0.0094264 0.0085578 1.0651837 0.0112975 0.0082271 0.0007891 0.0089605 0.0110296 
Lilium_davidii            0.1386144 0.1416307 0.1431320 0.0013214 0.0079076 0.0091871 0.0040200 0.0014513 0.0018560 0.0052628 0.0010521 0.0015889 0.0000000 0.0089280 0.1554979 0.0042959 0.0013186 0.0076657 0.0015884 0.0082376 0.0080819 0.0038827 0.0085192 0.0013191 0.0079433 0.0082190 0.0100911 0.0080555 0.0013186 0.0105407 0.0013214 0.0078035 0.0085224 0.0076657 1.0554456 0.0105300 0.0073426 0.0010521 0.0080667 0.0101075 
Lilium_distichum          0.1402668 0.1443283 0.1446221 0.0095340 0.0053867 0.0066328 0.0114138 0.0099436 0.0101207 0.0099575 0.0092158 0.0098304 0.0089280 0.0000000 0.1516485 0.0117099 0.0095138 0.0049869 0.0098252 0.0062526 0.0052556 0.0112618 0.0066785 0.0096643 0.0062510 0.0052602 0.0093808 0.0053892 0.0093753 0.0080923 0.0095363 0.0051298 0.0061180 0.0051329 1.0585057 0.0095233 0.0046917 0.0092181 0.0047055 0.0093954 
Lilium_duchartrei         0.3061585 0.3114328 0.3121948 0.1563072 0.1498717 0.1519053 0.1574371 0.1566158 0.1571996 0.1546825 0.1557269 0.1567542 0.1554979 0.1516485 0.0000000 0.1578990 0.1567588 0.1501153 0.1563072 0.1481637 0.1507954 0.1572320 0.1487061 0.1552514 0.1482540 0.1501345 0.1534717 0.1501058 0.1560761 0.1533186 0.1563072 0.1501153 0.1515056 0.1501153 1.2563703 0.1541720 0.1494326 0.1563048 0.1503368 0.1541270 
Lilium_formosanum         0.1379027 0.1407866 0.1420115 0.0048633 0.0106622 0.0115356 0.0007879 0.0047073 0.0054204 0.0063599 0.0045714 0.0051435 0.0042959 0.0117099 0.1578990 0.0000000 0.0048522 0.0099562 0.0051419 0.0103891 0.0105489 0.0006561 0.0101074 0.0042858 0.0099505 0.0103690 0.0129068 0.0108181 0.0048522 0.0126103 0.0048633 0.0104055 0.0113013 0.0099573 1.0536350 0.0126128 0.0100833 0.0045714 0.0108288 0.0123201 
Lilium_hansonii           0.1381841 0.1402621 0.1419382 0.0007896 0.0084869 0.0097736 0.0045743 0.0019875 0.0013205 0.0058243 0.0005239 0.0010550 0.0013186 0.0095138 0.1567588 0.0048522 0.0000000 0.0082455 0.0010546 0.0091070 0.0086635 0.0044350 0.0093896 0.0021226 0.0088092 0.0088021 0.0111287 0.0086371 0.0007855 0.0108414 0.0007896 0.0083839 0.0091099 0.0082465 1.0588435 0.0112727 0.0079187 0.0002608 0.0086476 0.0108511 
Lilium_henryi             0.1396475 0.1416798 0.1429168 0.0082646 0.0042997 0.0056751 0.0096633 0.0086727 0.0088435 0.0083799 0.0079520 0.0085568 0.0076657 0.0049869 0.1501153 0.0099562 0.0082455 0.0000000 0.0085532 0.0045826 0.0007887 0.0095154 0.0047245 0.0079421 0.0045791 0.0044353 0.0078232 0.0044385 0.0081079 0.0068258 0.0082656 0.0003934 0.0022650 0.0000010 1.0474453 0.0082458 0.0038830 0.0079530 0.0044386 0.0078362 
Lilium_lancifolium        0.1384010 0.1412165 0.1424823 0.0002607 0.0087916 0.0100873 0.0048625 0.0022611 0.0007882 0.0061132 0.0007887 0.0005247 0.0015884 0.0098252 0.1563072 0.0051419 0.0010546 0.0085532 0.0000000 0.0094208 0.0089743 0.0047212 0.0094076 0.0023971 0.0088258 0.0091128 0.0113053 0.0089472 0.0007891 0.0108605 0.0002609 0.0086933 0.0094237 0.0085553 1.0648507 0.0112928 0.0082227 0.0007889 0.0089579 0.0110266 
Lilium_lankongense        0.1404779 0.1413348 0.1446665 0.0091296 0.0049845 0.0066587 0.0102467 0.0092501 0.0097125 0.0086604 0.0088116 0.0094235 0.0082376 0.0062526 0.1481637 0.0103891 0.0091070 0.0045826 0.0094208 0.0000000 0.0051410 0.0100990 0.0034916 0.0085152 0.0032128 0.0056821 0.0081020 0.0051283 0.0089685 0.0072399 0.0091296 0.0047260 0.0055707 0.0045837 1.0515018 0.0083906 0.0048478 0.0088116 0.0051309 0.0081154 
Lilium_leucanthum         0.1402901 0.1429229 0.1433648 0.0086848 0.0047068 0.0065093 0.0105515 0.0087989 0.0092642 0.0089657 0.0083700 0.0089768 0.0080819 0.0052556 0.1507954 0.0105489 0.0086635 0.0007887 0.0089743 0.0051410 0.0000000 0.0104034 0.0058465 0.0088128 0.0054227 0.0051341 0.0083925 0.0048499 0.0085257 0.0075343 0.0086848 0.0009215 0.0025320 0.0007893 1.0499021 0.0088175 0.0042923 0.0083700 0.0048499 0.0081145 
Lilium_longiflorum        0.1374945 0.1401594 0.1418004 0.0044440 0.0102177 0.0110887 0.0003929 0.0045727 0.0050000 0.0059372 0.0041549 0.0047232 0.0038827 0.0112618 0.1572320 0.0006561 0.0044350 0.0095154 0.0047212 0.0100990 0.0104034 0.0000000 0.0096669 0.0038734 0.0095108 0.0100769 0.0124581 0.0103752 0.0044350 0.0121568 0.0044446 0.0099637 0.0108603 0.0095178 1.0513277 0.0121580 0.0096424 0.0041559 0.0103856 0.0121769 
Lilium_lophophorum        0.1409212 0.1435472 0.1428946 0.0091170 0.0056849 0.0079302 0.0098151 0.0095328 0.0096999 0.0088101 0.0090926 0.0094114 0.0085192 0.0066785 0.1487061 0.0101074 0.0093896 0.0047245 0.0094076 0.0034916 0.0058465 0.0096669 0.0000000 0.0083647 0.0014563 0.0054121 0.0093839 0.0058313 0.0089574 0.0079548 0.0091182 0.0051435 0.0062768 0.0047287 1.0591450 0.0093768 0.0052694 0.0090937 0.0058350 0.0093985 
Lilium_martagon           0.1386010 0.1409674 0.1426963 0.0021271 0.0086355 0.0094936 0.0040104 0.0022571 0.0026678 0.0049757 0.0018525 0.0023979 0.0013191 0.0096643 0.1552514 0.0042858 0.0021226 0.0079421 0.0023971 0.0085152 0.0088128 0.0038734 0.0083647 0.0000000 0.0082201 0.0084961 0.0106911 0.0087861 0.0021226 0.0109919 0.0021271 0.0080841 0.0092602 0.0079430 1.0534282 0.0111296 0.0080664 0.0018525 0.0087967 0.0107081 
Lilium_nanum              0.1413532 0.1429590 0.1442045 0.0085368 0.0049814 0.0066595 0.0096587 0.0089517 0.0091166 0.0083637 0.0085140 0.0088295 0.0079433 0.0062510 0.1482540 0.0099505 0.0088092 0.0045791 0.0088258 0.0032128 0.0054227 0.0095108 0.0014563 0.0082201 0.0000000 0.0054076 0.0082393 0.0051259 0.0083791 0.0070952 0.0085378 0.0050029 0.0058498 0.0045833 1.0562055 0.0079387 0.0048485 0.0085151 0.0051296 0.0082528 
Lilium_nepalense          0.1400385 0.1419731 0.1448848 0.0088228 0.0034727 0.0027922 0.0102257 0.0092313 0.0094046 0.0089368 0.0085068 0.0091166 0.0082190 0.0052602 0.1501345 0.0103690 0.0088021 0.0044353 0.0091128 0.0056821 0.0051341 0.0100769 0.0054121 0.0084961 0.0054076 0.0000000 0.0082324 0.0032004 0.0086640 0.0072306 0.0088239 0.0045784 0.0054258 0.0044368 1.0477059 0.0085183 0.0010539 0.0085078 0.0045657 0.0082461 
Lilium_pardalinum         0.1415630 0.1450381 0.1448321 0.0110098 0.0080682 0.0107973 0.0126059 0.0112737 0.0116001 0.0108525 0.0105389 0.0113084 0.0100911 0.0093808 0.1534717 0.0129068 0.0111287 0.0078232 0.0113053 0.0081020 0.0083925 0.0124581 0.0093839 0.0106911 0.0082393 0.0082324 0.0000000 0.0079299 0.0109886 0.0112704 0.0110098 0.0079656 0.0088346 0.0078276 1.0585129 0.0044202 0.0075047 0.0108279 0.0082234 0.0015828 
Lilium_pardanthinum       0.1403047 0.1433437 0.1450678 0.0086583 0.0023846 0.0045530 0.0105230 0.0090654 0.0092346 0.0086515 0.0083441 0.0089488 0.0080555 0.0053892 0.1501058 0.0108181 0.0086371 0.0044385 0.0089472 0.0051283 0.0048499 0.0103752 0.0058313 0.0087861 0.0051259 0.0032004 0.0079299 0.0000000 0.0084995 0.0069467 0.0086583 0.0045764 0.0049968 0.0044385 1.0541538 0.0082154 0.0026503 0.0083441 0.0040073 0.0079439 
Lilium_pensylvanicum      0.1383915 0.1406911 0.1419495 0.0005251 0.0083495 0.0096351 0.0045743 0.0019874 0.0010539 0.0058243 0.0005239 0.0007894 0.0013186 0.0093753 0.1560761 0.0048522 0.0007855 0.0081079 0.0007891 0.0089685 0.0085257 0.0044350 0.0089574 0.0021226 0.0083791 0.0086640 0.0109886 0.0084995 0.0000000 0.0104040 0.0005251 0.0082462 0.0089713 0.0081088 1.0586557 0.0108340 0.0077818 0.0005223 0.0085099 0.0107112 
Lilium_philadelphicum     0.1413974 0.1446736 0.1459174 0.0105663 0.0070761 0.0096432 0.0123103 0.0112777 0.0111594 0.0108462 0.0105389 0.0108661 0.0105407 0.0080923 0.1533186 0.0126103 0.0108414 0.0068258 0.0108605 0.0072399 0.0075343 0.0121568 0.0079548 0.0109919 0.0070952 0.0072306 0.0112704 0.0069467 0.0104040 0.0000000 0.0105689 0.0071135 0.0079743 0.0068320 1.0560081 0.0109687 0.0069431 0.0105415 0.0070949 0.0109916 
Lilium_pumilum            0.1386059 0.1414221 0.1426891 0.0000010 0.0085066 0.0097981 0.0045848 0.0019917 0.0005245 0.0058327 0.0005249 0.0002610 0.0013214 0.0095363 0.1563072 0.0048633 0.0007896 0.0082656 0.0002609 0.0091296 0.0086848 0.0044446 0.0091182 0.0021271 0.0085378 0.0088239 0.0110098 0.0086583 0.0005251 0.0105689 0.0000000 0.0084044 0.0091325 0.0082667 1.0640541 0.0110005 0.0079379 0.0005250 0.0086688 0.0107316 
Lilium_regale             0.1398573 0.1422622 0.1431287 0.0084044 0.0044379 0.0058195 0.0101112 0.0088115 0.0089827 0.0088237 0.0080911 0.0086958 0.0078035 0.0051298 0.1501153 0.0104055 0.0083839 0.0003934 0.0086933 0.0047260 0.0009215 0.0099637 0.0051435 0.0080841 0.0050029 0.0045784 0.0079656 0.0045764 0.0082462 0.0071135 0.0084044 0.0000000 0.0024001 0.0003937 1.0485672 0.0083895 0.0040234 0.0080911 0.0045798 0.0079787 
Lilium_rosthornii         0.1411776 0.1442341 0.1448844 0.0091325 0.0051289 0.0069470 0.0110053 0.0095361 0.0097143 0.0097096 0.0088144 0.0094264 0.0085224 0.0061180 0.1515056 0.0113013 0.0091099 0.0022650 0.0094237 0.0055707 0.0025320 0.0108603 0.0062768 0.0092602 0.0058498 0.0054258 0.0088346 0.0049968 0.0089713 0.0079743 0.0091325 0.0024001 0.0000000 0.0022665 1.0636205 0.0092650 0.0047153 0.0088144 0.0052769 0.0088487 
Lilium_sargentiae         0.1396475 0.1416601 0.1429168 0.0082667 0.0043013 0.0056771 0.0096644 0.0086737 0.0088435 0.0083828 0.0079539 0.0085578 0.0076657 0.0051329 0.1501153 0.0099573 0.0082465 0.0000010 0.0085553 0.0045837 0.0007893 0.0095178 0.0047287 0.0079430 0.0045833 0.0044368 0.0078276 0.0044385 0.0081088 0.0068320 0.0082667 0.0003937 0.0022665 0.0000000 1.0491367 0.0082524 0.0038843 0.0079539 0.0044420 0.0078405 
Lilium_souliei            1.3656700 1.3764715 1.3667183 1.0635077 1.0532255 1.0564541 1.0540947 1.0579466 1.0657316 1.0562690 1.0569399 1.0651837 1.0554456 1.0585057 1.2563703 1.0536350 1.0588435 1.0474453 1.0648507 1.0515018 1.0499021 1.0513277 1.0591450 1.0534282 1.0562055 1.0477059 1.0585129 1.0541538 1.0586557 1.0560081 1.0640541 1.0485672 1.0636205 1.0491367 0.0000000 1.0540544 1.0484901 1.0583754 1.0565563 1.0587687 
Lilium_superbum           0.1407308 0.1442214 0.1441807 0.0109978 0.0083507 0.0110847 0.0123128 0.0114220 0.0115916 0.0107054 0.0106800 0.0112975 0.0105300 0.0095233 0.1541720 0.0126128 0.0112727 0.0082458 0.0112928 0.0083906 0.0088175 0.0121580 0.0093768 0.0111296 0.0079387 0.0085183 0.0044202 0.0082154 0.0108340 0.0109687 0.0110005 0.0083895 0.0092650 0.0082524 1.0540544 0.0000000 0.0077873 0.0109718 0.0083685 0.0044269 
Lilium_taliense           0.1396507 0.1429191 0.1442079 0.0079360 0.0029197 0.0033218 0.0097904 0.0083433 0.0085121 0.0085070 0.0076271 0.0082271 0.0073426 0.0046917 0.1494326 0.0100833 0.0079187 0.0038830 0.0082227 0.0048478 0.0042923 0.0096424 0.0052694 0.0080664 0.0048485 0.0010539 0.0075047 0.0026503 0.0077818 0.0069431 0.0079379 0.0040234 0.0047153 0.0038843 1.0484901 0.0077873 0.0000000 0.0076280 0.0037329 0.0075174 
Lilium_tsingtauense       0.1377606 0.1400599 0.1419459 0.0005250 0.0081945 0.0094775 0.0042946 0.0017180 0.0010536 0.0055400 0.0002612 0.0007891 0.0010521 0.0092181 0.1563048 0.0045714 0.0002608 0.0079530 0.0007889 0.0088116 0.0083700 0.0041559 0.0090937 0.0018525 0.0085151 0.0085078 0.0108279 0.0083441 0.0005223 0.0105415 0.0005250 0.0080911 0.0088144 0.0079539 1.0583754 0.0109718 0.0076280 0.0000000 0.0083544 0.0105508 
Lilium_wardii             0.1403078 0.1435684 0.1450852 0.0086688 0.0040072 0.0059324 0.0105336 0.0090754 0.0092476 0.0089494 0.0083544 0.0089605 0.0080667 0.0047055 0.1503368 0.0108288 0.0086476 0.0044386 0.0089579 0.0051309 0.0048499 0.0103856 0.0058350 0.0087967 0.0051296 0.0045657 0.0082234 0.0040073 0.0085099 0.0070949 0.0086688 0.0045798 0.0052769 0.0044420 1.0565563 0.0083685 0.0037329 0.0083544 0.0000000 0.0082368 
Lilium_washingtonianum    0.1413125 0.1443655 0.1439552 0.0107316 0.0080815 0.0108132 0.0123244 0.0106947 0.0113209 0.0105736 0.0102622 0.0110296 0.0101075 0.0093954 0.1541270 0.0123201 0.0108511 0.0078362 0.0110266 0.0081154 0.0081145 0.0121769 0.0093985 0.0107081 0.0082528 0.0082461 0.0015828 0.0079439 0.0107112 0.0109916 0.0107316 0.0079787 0.0088487 0.0078405 1.0587687 0.0044269 0.0075174 0.0105508 0.0082368 0.0000000 
