38
Asparagus_officinalis     0.0000000 0.0717058 0.1118728 0.1581087 0.1606013 0.1610531 0.1567357 0.1587633 0.1589813 0.1565112 0.1570105 0.1584473 0.1581159 0.1613024 0.1576457 0.1576371 0.1597521 0.1578472 0.1614403 0.1607911 0.1568097 0.1619242 0.1585423 0.1619641 0.1609512 0.1624312 0.1606080 0.1579029 0.1633033 0.1581087 0.1599802 0.1609122 0.1597738 0.1613028 0.1596970 0.1570105 0.1604616 0.1621376 
Hyacinthoides_non-scripta 0.0717058 0.0000000 0.1195956 0.1598053 0.1618465 0.1651521 0.1587245 0.1601714 0.1606805 0.1573166 0.1587050 0.1601453 0.1600462 0.1633569 0.1596386 0.1583085 0.1606232 0.1595435 0.1615169 0.1615857 0.1587997 0.1643171 0.1601274 0.1622190 0.1626143 0.1666725 0.1618902 0.1589421 0.1664581 0.1598053 0.1607730 0.1631359 0.1605980 0.1650827 0.1613735 0.1580515 0.1620697 0.1658456 
Iris_germanica            0.1118728 0.1195956 0.0000000 0.1664870 0.1697126 0.1699496 0.1654774 0.1675574 0.1673875 0.1657932 0.1659815 0.1668395 0.1674727 0.1689376 0.1661815 0.1654645 0.1669785 0.1662191 0.1691590 0.1672931 0.1655581 0.1664066 0.1665328 0.1683823 0.1678889 0.1687175 0.1693398 0.1655842 0.1701913 0.1664870 0.1669319 0.1690939 0.1669785 0.1681124 0.1682156 0.1655105 0.1692645 0.1676412 
Lilium_amabile            0.1581087 0.1598053 0.1664870 0.0000000 0.0087234 0.0100719 0.0046723 0.0020082 0.0005246 0.0059544 0.0005249 0.0002617 0.0013284 0.0098372 0.0049601 0.0007926 0.0083475 0.0002616 0.0093979 0.0089374 0.0045262 0.0094067 0.0021488 0.0089266 0.0090574 0.0113945 0.0088851 0.0005257 0.0110771 0.0000010 0.0084880 0.0094042 0.0083513 0.0113793 0.0081276 0.0005250 0.0089067 0.0111132 
Lilium_apertum            0.1606013 0.1618465 0.1697126 0.0087234 0.0000000 0.0048988 0.0105424 0.0091593 0.0093318 0.0090300 0.0083990 0.0090320 0.0081016 0.0054947 0.0110188 0.0087145 0.0043700 0.0090256 0.0050696 0.0047899 0.0105471 0.0058163 0.0088848 0.0052144 0.0035095 0.0082907 0.0024029 0.0085783 0.0072505 0.0087266 0.0045127 0.0052240 0.0043715 0.0085839 0.0029470 0.0084010 0.0040592 0.0083150 
Lilium_bakerianum         0.1610531 0.1651521 0.1699496 0.0100719 0.0048988 0.0000000 0.0114553 0.0105095 0.0106884 0.0102418 0.0097371 0.0103840 0.0094336 0.0067797 0.0119371 0.0100580 0.0057952 0.0103792 0.0068049 0.0066550 0.0114613 0.0081570 0.0097807 0.0069595 0.0028166 0.0111761 0.0046116 0.0099205 0.0099470 0.0100731 0.0059453 0.0071078 0.0057972 0.0114772 0.0033533 0.0097382 0.0060358 0.0112057 
Lilium_brownii            0.1567357 0.1587245 0.1654774 0.0046723 0.0105424 0.0114553 0.0000000 0.0048071 0.0052453 0.0061875 0.0043740 0.0049609 0.0040923 0.0118486 0.0007917 0.0046672 0.0098099 0.0049592 0.0104042 0.0109293 0.0003935 0.0101472 0.0040717 0.0101115 0.0106942 0.0131126 0.0107046 0.0046670 0.0127766 0.0046723 0.0102970 0.0114052 0.0096477 0.0127985 0.0099329 0.0043740 0.0108957 0.0128270 
Lilium_bulbiferum         0.1587633 0.1601714 0.1675574 0.0020082 0.0091593 0.0105095 0.0048071 0.0000000 0.0025560 0.0060964 0.0017311 0.0022827 0.0014616 0.0102753 0.0048034 0.0020067 0.0087805 0.0022820 0.0095328 0.0090602 0.0046641 0.0098587 0.0022839 0.0093763 0.0094925 0.0116827 0.0093185 0.0020065 0.0118403 0.0020082 0.0089201 0.0098355 0.0087823 0.0118402 0.0085597 0.0017311 0.0093399 0.0110799 
Lilium_callosum           0.1589813 0.1606805 0.1673875 0.0005246 0.0093318 0.0106884 0.0052453 0.0025560 0.0000000 0.0065388 0.0010571 0.0002615 0.0018689 0.0104547 0.0055357 0.0013277 0.0089529 0.0007904 0.0100103 0.0095456 0.0050994 0.0100233 0.0026991 0.0095389 0.0096671 0.0120208 0.0094888 0.0010584 0.0117046 0.0005246 0.0090931 0.0100156 0.0089548 0.0120074 0.0087293 0.0010571 0.0095136 0.0117367 
Lilium_candidum           0.1565112 0.1573166 0.1657932 0.0059544 0.0090300 0.0102418 0.0061875 0.0060964 0.0065388 0.0000000 0.0056520 0.0062485 0.0053672 0.0102873 0.0064789 0.0059530 0.0082992 0.0062463 0.0088892 0.0092418 0.0060397 0.0090761 0.0050574 0.0087339 0.0094882 0.0112369 0.0088886 0.0059528 0.0113857 0.0059544 0.0087769 0.0100249 0.0083030 0.0110792 0.0087372 0.0056527 0.0092115 0.0109535 
Lilium_cernuum            0.1570105 0.1587050 0.1659815 0.0005249 0.0083990 0.0097371 0.0043740 0.0017311 0.0010571 0.0056520 0.0000000 0.0007911 0.0010570 0.0095042 0.0046596 0.0005247 0.0080218 0.0007908 0.0090648 0.0086079 0.0042292 0.0093865 0.0018701 0.0089076 0.0087274 0.0109001 0.0085570 0.0005247 0.0110526 0.0005250 0.0081616 0.0090708 0.0080255 0.0110500 0.0078062 0.0002611 0.0085781 0.0106192 
Lilium_concolor           0.1584473 0.1601453 0.1668395 0.0002617 0.0090320 0.0103840 0.0049609 0.0022827 0.0002615 0.0062485 0.0007911 0.0000000 0.0015988 0.0101503 0.0052501 0.0010600 0.0086530 0.0005249 0.0097078 0.0092450 0.0048144 0.0097198 0.0024244 0.0092373 0.0093652 0.0117135 0.0091905 0.0007922 0.0113958 0.0002617 0.0087939 0.0097142 0.0086569 0.0116978 0.0084316 0.0007912 0.0092137 0.0114300 
Lilium_davidii            0.1581159 0.1600462 0.1674727 0.0013284 0.0081016 0.0094336 0.0040923 0.0014616 0.0018689 0.0053672 0.0010570 0.0015988 0.0000000 0.0092007 0.0043766 0.0013275 0.0077233 0.0015983 0.0084649 0.0083063 0.0039502 0.0087865 0.0013300 0.0083116 0.0084267 0.0104223 0.0082557 0.0013274 0.0110527 0.0013284 0.0078617 0.0087649 0.0077249 0.0108847 0.0075101 0.0010570 0.0082773 0.0104506 
Lilium_distichum          0.1613024 0.1633569 0.1689376 0.0098372 0.0054947 0.0067797 0.0118486 0.0102753 0.0104547 0.0102873 0.0095042 0.0101503 0.0092007 0.0000000 0.0121633 0.0098250 0.0050953 0.0101443 0.0064101 0.0053636 0.0116868 0.0068779 0.0099988 0.0065600 0.0053563 0.0097042 0.0054911 0.0096873 0.0084941 0.0098396 0.0052436 0.0062737 0.0050992 0.0098555 0.0047705 0.0095054 0.0048006 0.0097314 
Lilium_formosanum         0.1576457 0.1596386 0.1661815 0.0049601 0.0110188 0.0119371 0.0007917 0.0048034 0.0055357 0.0064789 0.0046596 0.0052501 0.0043766 0.0121633 0.0000000 0.0049545 0.0101173 0.0052482 0.0107137 0.0109230 0.0006589 0.0104562 0.0043547 0.0104200 0.0110045 0.0134319 0.0111836 0.0049543 0.0132625 0.0049601 0.0106065 0.0117193 0.0101194 0.0131182 0.0104058 0.0046596 0.0112072 0.0128185 
Lilium_hansonii           0.1576371 0.1583085 0.1654645 0.0007926 0.0087145 0.0100580 0.0046672 0.0020067 0.0013277 0.0059530 0.0005247 0.0010600 0.0013275 0.0098250 0.0049545 0.0000000 0.0083362 0.0010597 0.0093832 0.0089238 0.0045224 0.0097086 0.0021471 0.0092272 0.0090446 0.0115316 0.0088716 0.0007896 0.0113807 0.0007926 0.0084755 0.0093894 0.0083390 0.0116832 0.0081179 0.0002610 0.0088932 0.0112493 
Lilium_henryi             0.1597521 0.1606232 0.1669785 0.0083475 0.0043700 0.0057952 0.0098099 0.0087805 0.0089529 0.0082992 0.0080218 0.0086530 0.0077233 0.0050953 0.0101173 0.0083362 0.0000000 0.0086499 0.0045204 0.0006598 0.0096526 0.0046776 0.0080063 0.0046565 0.0045034 0.0079116 0.0045162 0.0081995 0.0069988 0.0083475 0.0003944 0.0021523 0.0000010 0.0083429 0.0039460 0.0080228 0.0045232 0.0079343 
Lilium_lancifolium        0.1578472 0.1595435 0.1662191 0.0002616 0.0090256 0.0103792 0.0049592 0.0022820 0.0007904 0.0062463 0.0007908 0.0005249 0.0015983 0.0101443 0.0052482 0.0010597 0.0086499 0.0000000 0.0097044 0.0092418 0.0048122 0.0097129 0.0024236 0.0092308 0.0093620 0.0117080 0.0091883 0.0007920 0.0113891 0.0002617 0.0087909 0.0097108 0.0086539 0.0116922 0.0084277 0.0007910 0.0092105 0.0114261 
Lilium_lankongense        0.1614403 0.1615169 0.1691590 0.0093979 0.0050696 0.0068049 0.0104042 0.0095328 0.0100103 0.0088892 0.0090648 0.0097078 0.0084649 0.0064101 0.0107137 0.0093832 0.0045204 0.0097044 0.0000000 0.0052476 0.0104126 0.0035492 0.0087498 0.0033950 0.0056501 0.0084895 0.0052173 0.0092456 0.0072709 0.0093979 0.0046680 0.0056913 0.0045214 0.0086359 0.0049306 0.0090648 0.0052278 0.0085134 
Lilium_leucanthum         0.1607911 0.1615857 0.1672931 0.0089374 0.0047899 0.0066550 0.0109293 0.0090602 0.0095456 0.0092418 0.0086079 0.0092450 0.0083063 0.0053636 0.0109230 0.0089238 0.0006598 0.0092418 0.0052476 0.0000000 0.0107705 0.0060045 0.0090953 0.0056915 0.0052291 0.0086663 0.0049369 0.0087867 0.0078993 0.0089374 0.0007933 0.0025611 0.0006602 0.0091013 0.0043636 0.0086079 0.0049443 0.0083816 
Lilium_longiflorum        0.1568097 0.1587997 0.1655581 0.0045262 0.0105471 0.0114613 0.0003935 0.0046641 0.0050994 0.0060397 0.0042292 0.0048144 0.0039502 0.0116868 0.0006589 0.0045224 0.0096526 0.0048122 0.0104126 0.0107705 0.0000000 0.0099877 0.0039292 0.0099524 0.0107003 0.0129529 0.0107132 0.0045222 0.0127783 0.0045267 0.0101396 0.0112494 0.0096570 0.0126333 0.0099388 0.0042302 0.0107361 0.0126677 
Lilium_lophophorum        0.1619242 0.1643171 0.1664066 0.0094067 0.0058163 0.0081570 0.0101472 0.0098587 0.0100233 0.0090761 0.0093865 0.0097198 0.0087865 0.0068779 0.0104562 0.0097086 0.0046776 0.0097129 0.0035492 0.0060045 0.0099877 0.0000000 0.0086116 0.0014717 0.0052144 0.0095445 0.0059697 0.0092590 0.0081917 0.0094101 0.0051149 0.0064511 0.0046817 0.0096937 0.0053874 0.0093888 0.0059823 0.0095714 
Lilium_martagon           0.1585423 0.1601274 0.1665328 0.0021488 0.0088848 0.0097807 0.0040717 0.0022839 0.0026991 0.0050574 0.0018701 0.0024244 0.0013300 0.0099988 0.0043547 0.0021471 0.0080063 0.0024236 0.0087498 0.0090953 0.0039292 0.0086116 0.0000000 0.0085959 0.0088726 0.0110768 0.0090425 0.0021469 0.0115492 0.0021488 0.0081558 0.0095626 0.0080090 0.0115399 0.0082864 0.0018701 0.0090644 0.0111062 
Lilium_nanum              0.1619641 0.1622190 0.1683823 0.0089266 0.0052144 0.0069595 0.0101115 0.0093763 0.0095389 0.0087339 0.0089076 0.0092373 0.0083116 0.0065600 0.0104200 0.0092272 0.0046565 0.0092308 0.0033950 0.0056915 0.0099524 0.0014717 0.0085959 0.0000000 0.0056470 0.0086388 0.0053651 0.0087804 0.0075707 0.0089299 0.0051034 0.0061348 0.0046606 0.0083030 0.0050800 0.0089098 0.0053768 0.0086640 
Lilium_nepalense          0.1609512 0.1626143 0.1678889 0.0090574 0.0035095 0.0028166 0.0106942 0.0094925 0.0096671 0.0094882 0.0087274 0.0093652 0.0084267 0.0053563 0.0110045 0.0090446 0.0045034 0.0093620 0.0056501 0.0052291 0.0107003 0.0052144 0.0088726 0.0056470 0.0000000 0.0082918 0.0032280 0.0089076 0.0073939 0.0090574 0.0046511 0.0055344 0.0045049 0.0084411 0.0010575 0.0087284 0.0046267 0.0083152 
Lilium_pardalinum         0.1624312 0.1666725 0.1687175 0.0113945 0.0082907 0.0111761 0.0131126 0.0116827 0.0120208 0.0112369 0.0109001 0.0117135 0.0104223 0.0097042 0.0134319 0.0115316 0.0079116 0.0117080 0.0084895 0.0086663 0.0129529 0.0095445 0.0110768 0.0086388 0.0082918 0.0000000 0.0081470 0.0113921 0.0116799 0.0113959 0.0080617 0.0091281 0.0079167 0.0043472 0.0077017 0.0112040 0.0084651 0.0015927 
Lilium_pardanthinum       0.1606080 0.1618902 0.1693398 0.0088851 0.0024029 0.0046116 0.0107046 0.0093185 0.0094888 0.0088886 0.0085570 0.0091905 0.0082557 0.0054911 0.0111836 0.0088716 0.0045162 0.0091883 0.0052173 0.0049369 0.0107132 0.0059697 0.0090425 0.0053651 0.0032280 0.0081470 0.0000000 0.0087351 0.0071168 0.0088851 0.0046589 0.0050883 0.0045167 0.0084422 0.0026696 0.0085570 0.0040546 0.0081710 
Lilium_pensylvanicum      0.1579029 0.1589421 0.1655842 0.0005257 0.0085783 0.0099205 0.0046670 0.0020065 0.0010584 0.0059528 0.0005247 0.0007922 0.0013274 0.0096873 0.0049543 0.0007896 0.0081995 0.0007920 0.0092456 0.0087867 0.0045222 0.0092590 0.0021469 0.0087804 0.0089076 0.0113921 0.0087351 0.0000000 0.0109232 0.0005257 0.0083388 0.0092517 0.0082023 0.0112245 0.0079821 0.0005230 0.0087565 0.0111099 
Lilium_philadelphicum     0.1633033 0.1664581 0.1701913 0.0110771 0.0072505 0.0099470 0.0127766 0.0118403 0.0117046 0.0113857 0.0110526 0.0113958 0.0110527 0.0084941 0.0132625 0.0113807 0.0069988 0.0113891 0.0072709 0.0078993 0.0127783 0.0081917 0.0115492 0.0075707 0.0073939 0.0116799 0.0071168 0.0109232 0.0000000 0.0110799 0.0073060 0.0083585 0.0068602 0.0113626 0.0071145 0.0110539 0.0074319 0.0113978 
Lilium_pumilum            0.1581087 0.1598053 0.1664870 0.0000010 0.0087266 0.0100731 0.0046723 0.0020082 0.0005246 0.0059544 0.0005250 0.0002617 0.0013284 0.0098396 0.0049601 0.0007926 0.0083475 0.0002617 0.0093979 0.0089374 0.0045267 0.0094101 0.0021488 0.0089299 0.0090574 0.0113959 0.0088851 0.0005257 0.0110799 0.0000000 0.0084880 0.0094042 0.0083513 0.0113821 0.0081286 0.0005250 0.0089067 0.0111132 
Lilium_regale             0.1599802 0.1607730 0.1669319 0.0084880 0.0045127 0.0059453 0.0102970 0.0089201 0.0090931 0.0087769 0.0081616 0.0087939 0.0078617 0.0052436 0.0106065 0.0084755 0.0003944 0.0087909 0.0046680 0.0007933 0.0101396 0.0051149 0.0081558 0.0051034 0.0046511 0.0080617 0.0046589 0.0083388 0.0073060 0.0084880 0.0000000 0.0022898 0.0003946 0.0084945 0.0040906 0.0081616 0.0046694 0.0080847 
Lilium_rosthornii         0.1609122 0.1631359 0.1690939 0.0094042 0.0052240 0.0071078 0.0114052 0.0098355 0.0100156 0.0100249 0.0090708 0.0097142 0.0087649 0.0062737 0.0117193 0.0093894 0.0021523 0.0097108 0.0056913 0.0025611 0.0112494 0.0064511 0.0095626 0.0061348 0.0055344 0.0091281 0.0050883 0.0092517 0.0083585 0.0094042 0.0022898 0.0000000 0.0021536 0.0095688 0.0047977 0.0090708 0.0053842 0.0091532 
Lilium_sargentiae         0.1597738 0.1605980 0.1669785 0.0083513 0.0043715 0.0057972 0.0096477 0.0087823 0.0089548 0.0083030 0.0080255 0.0086569 0.0077249 0.0050992 0.0101194 0.0083390 0.0000010 0.0086539 0.0045214 0.0006602 0.0096570 0.0046817 0.0080090 0.0046606 0.0045049 0.0079167 0.0045167 0.0082023 0.0068602 0.0083513 0.0003946 0.0021536 0.0000000 0.0083503 0.0039473 0.0080255 0.0045266 0.0079395 
Lilium_superbum           0.1613028 0.1650827 0.1681124 0.0113793 0.0085839 0.0114772 0.0127985 0.0118402 0.0120074 0.0110792 0.0110500 0.0116978 0.0108847 0.0098555 0.0131182 0.0116832 0.0083429 0.0116922 0.0086359 0.0091013 0.0126333 0.0096937 0.0115399 0.0083030 0.0084411 0.0043472 0.0084422 0.0112245 0.0113626 0.0113821 0.0084945 0.0095688 0.0083503 0.0000000 0.0079945 0.0113553 0.0086172 0.0043592 
Lilium_taliense           0.1596970 0.1613735 0.1682156 0.0081276 0.0029470 0.0033533 0.0099329 0.0085597 0.0087293 0.0087372 0.0078062 0.0084316 0.0075101 0.0047705 0.0104058 0.0081179 0.0039460 0.0084277 0.0049306 0.0043636 0.0099388 0.0053874 0.0082864 0.0050800 0.0010575 0.0077017 0.0026696 0.0079821 0.0071145 0.0081286 0.0040906 0.0047977 0.0039473 0.0079945 0.0000000 0.0078071 0.0037748 0.0077248 
Lilium_tsingtauense       0.1570105 0.1580515 0.1655105 0.0005250 0.0084010 0.0097382 0.0043740 0.0017311 0.0010571 0.0056527 0.0002611 0.0007912 0.0010570 0.0095054 0.0046596 0.0002610 0.0080228 0.0007910 0.0090648 0.0086079 0.0042302 0.0093888 0.0018701 0.0089098 0.0087284 0.0112040 0.0085570 0.0005230 0.0110539 0.0005250 0.0081616 0.0090708 0.0080255 0.0113553 0.0078071 0.0000000 0.0085781 0.0109225 
Lilium_wardii             0.1604616 0.1620697 0.1692645 0.0089067 0.0040592 0.0060358 0.0108957 0.0093399 0.0095136 0.0092115 0.0085781 0.0092137 0.0082773 0.0048006 0.0112072 0.0088932 0.0045232 0.0092105 0.0052278 0.0049443 0.0107361 0.0059823 0.0090644 0.0053768 0.0046267 0.0084651 0.0040546 0.0087565 0.0074319 0.0089067 0.0046694 0.0053842 0.0045266 0.0086172 0.0037748 0.0085781 0.0000000 0.0084889 
Lilium_washingtonianum    0.1621376 0.1658456 0.1676412 0.0111132 0.0083150 0.0112057 0.0128270 0.0110799 0.0117367 0.0109535 0.0106192 0.0114300 0.0104506 0.0097314 0.0128185 0.0112493 0.0079343 0.0114261 0.0085134 0.0083816 0.0126677 0.0095714 0.0111062 0.0086640 0.0083152 0.0015927 0.0081710 0.0111099 0.0113978 0.0111132 0.0080847 0.0091532 0.0079395 0.0043592 0.0077248 0.0109225 0.0084889 0.0000000 
