41
Lilium_bulbiferum         0.0000000 0.0011001 0.0044414 0.0077160 0.0033870 0.0181106 0.0033086 0.2161137 0.2231226 0.2336973 0.0022552 0.0146478 0.0101319 0.0077283 0.0022569 0.0022028 0.0022569 0.0011001 0.0101283 0.0090495 0.0022028 0.0112737 0.0089891 0.0112654 0.0066211 0.0113524 0.0136049 0.0101319 0.0112960 0.0101240 0.0022552 0.0112737 0.0114946 0.0101414 0.0101414 0.0112740 0.0101319 0.0022028 0.0124196 0.0158229 0.3859374 
Lilium_martagon           0.0011001 0.0000000 0.0033211 0.0066193 0.0022461 0.0169552 0.0021944 0.2130362 0.2256102 0.2362194 0.0011209 0.0134700 0.0089721 0.0066187 0.0011229 0.0010957 0.0011218 0.0000010 0.0089690 0.0072237 0.0010957 0.0101080 0.0078417 0.0101005 0.0054932 0.0101783 0.0124238 0.0089721 0.0101228 0.0089651 0.0011209 0.0101080 0.0103361 0.0089893 0.0089805 0.0100933 0.0089721 0.0010957 0.0112478 0.0146834 0.3877384 
Lilium_candidum           0.0044414 0.0033211 0.0000000 0.0077721 0.0056382 0.0182396 0.0055493 0.2075999 0.2197645 0.2302476 0.0045050 0.0146734 0.0101495 0.0077771 0.0045172 0.0044292 0.0045083 0.0033274 0.0101384 0.0054643 0.0044335 0.0101515 0.0089935 0.0112960 0.0066373 0.0113383 0.0135880 0.0101495 0.0113380 0.0101416 0.0045050 0.0101614 0.0115524 0.0090368 0.0090191 0.0112937 0.0101495 0.0044335 0.0124535 0.0159355 0.3868701 
Lilium_formosanum         0.0077160 0.0066193 0.0077721 0.0000000 0.0090584 0.0226382 0.0088484 0.2137975 0.2296827 0.2370565 0.0079163 0.0180098 0.0134955 0.0021866 0.0079222 0.0077319 0.0079222 0.0066193 0.0134907 0.0126414 0.0077319 0.0146409 0.0123476 0.0146301 0.0010928 0.0147429 0.0169887 0.0134955 0.0146699 0.0134849 0.0079163 0.0146409 0.0149275 0.0135081 0.0135081 0.0146413 0.0134955 0.0077319 0.0157907 0.0203438 0.3935164 
Lilium_lancifolium        0.0033870 0.0022461 0.0056382 0.0090584 0.0000000 0.0185437 0.0022444 0.2159877 0.2286968 0.2393772 0.0011029 0.0160722 0.0114928 0.0090575 0.0011090 0.0011177 0.0011069 0.0022505 0.0114772 0.0094058 0.0011199 0.0126731 0.0103521 0.0126761 0.0078769 0.0127251 0.0150185 0.0115042 0.0127048 0.0114722 0.0011060 0.0126858 0.0129798 0.0115383 0.0114923 0.0126290 0.0114928 0.0011199 0.0138601 0.0162295 0.3895843 
Lilium_pardalinum         0.0181106 0.0169552 0.0182396 0.0226382 0.0185437 0.0000000 0.0181238 0.2155264 0.2338555 0.2394543 0.0173628 0.0203236 0.0157934 0.0226583 0.0173935 0.0181080 0.0173935 0.0169552 0.0157256 0.0126341 0.0181080 0.0168952 0.0146627 0.0168827 0.0214988 0.0182040 0.0204526 0.0158088 0.0169705 0.0157188 0.0173802 0.0168952 0.0172259 0.0158236 0.0157458 0.0100503 0.0157934 0.0181080 0.0180485 0.0044585 0.3949540 
Lilium_pensylvanicum      0.0033086 0.0021944 0.0055493 0.0088484 0.0022444 0.0181238 0.0000000 0.2159877 0.2286968 0.2393772 0.0011201 0.0146232 0.0101149 0.0088475 0.0011220 0.0010949 0.0011209 0.0021986 0.0101113 0.0090475 0.0010949 0.0112548 0.0089808 0.0112465 0.0077101 0.0113332 0.0135819 0.0101149 0.0112712 0.0101070 0.0011201 0.0112548 0.0115093 0.0101342 0.0101244 0.0112383 0.0101149 0.0010949 0.0123987 0.0158463 0.3930532 
Asparagus_officinalis     0.2161137 0.2130362 0.2075999 0.2137975 0.2159877 0.2155264 0.2159877 0.0000000 0.0812250 0.1479227 0.2159877 0.2178728 0.2102584 0.2112839 0.2159877 0.2159877 0.2159877 0.2126122 0.2186228 0.2100111 0.2159877 0.2082734 0.2097285 0.2103516 0.2112839 0.2142735 0.2142735 0.2102584 0.2131296 0.2122444 0.2159877 0.2082734 0.2087913 0.2056675 0.2056675 0.2120568 0.2102584 0.2159877 0.2250919 0.2177676 0.4723991 
Hyacinthoides_non-scripta 0.2231226 0.2256102 0.2197645 0.2296827 0.2286968 0.2338555 0.2286968 0.0812250 0.0000000 0.1619506 0.2286968 0.2281281 0.2196555 0.2270632 0.2286968 0.2286968 0.2286968 0.2251469 0.2330084 0.2243803 0.2286968 0.2196555 0.2221318 0.2196555 0.2270632 0.2269653 0.2269653 0.2196555 0.2226405 0.2247449 0.2286968 0.2196555 0.2245085 0.2192059 0.2196555 0.2245370 0.2196555 0.2286968 0.2350973 0.2305033 0.4247143 
Iris_germanica            0.2336973 0.2362194 0.2302476 0.2370565 0.2393772 0.2394543 0.2393772 0.1479227 0.1619506 0.0000000 0.2393772 0.2452584 0.2365285 0.2344051 0.2393772 0.2393772 0.2393772 0.2389883 0.2396156 0.2369092 0.2393772 0.2307168 0.2332344 0.2307168 0.2344051 0.2343859 0.2343859 0.2365285 0.2396156 0.2359010 0.2393772 0.2307168 0.2352763 0.2307168 0.2307168 0.2356771 0.2365285 0.2393772 0.2465792 0.2417978 0.4590479 
Lilium_amabile            0.0022552 0.0011209 0.0045050 0.0079163 0.0011029 0.0173628 0.0011201 0.2159877 0.2286968 0.2393772 0.0000000 0.0149055 0.0103305 0.0079155 0.0000010 0.0000010 0.0000010 0.0011232 0.0103166 0.0094058 0.0000010 0.0115065 0.0091903 0.0115092 0.0067433 0.0115537 0.0138457 0.0103408 0.0115352 0.0103121 0.0000010 0.0115180 0.0117846 0.0103714 0.0103301 0.0114665 0.0103305 0.0000010 0.0126890 0.0150512 0.3902829 
Lilium_apertum            0.0146478 0.0134700 0.0146734 0.0180098 0.0160722 0.0203236 0.0146232 0.2178728 0.2281281 0.2452584 0.0149055 0.0000000 0.0077969 0.0180081 0.0149912 0.0145821 0.0149613 0.0134962 0.0111494 0.0108366 0.0146105 0.0123098 0.0100557 0.0123126 0.0167926 0.0135375 0.0157731 0.0078044 0.0067160 0.0111446 0.0149500 0.0123217 0.0125989 0.0112070 0.0111636 0.0122862 0.0077969 0.0146105 0.0123288 0.0180559 0.4017613 
Lilium_bakerianum         0.0101319 0.0089721 0.0101495 0.0134955 0.0114928 0.0157934 0.0101149 0.2102584 0.2196555 0.2365285 0.0103305 0.0077969 0.0000000 0.0134942 0.0103693 0.0100962 0.0103486 0.0089896 0.0066518 0.0035939 0.0101061 0.0077816 0.0055495 0.0077834 0.0123157 0.0090347 0.0112785 0.0000010 0.0033536 0.0066874 0.0103408 0.0078342 0.0080104 0.0066796 0.0066603 0.0078192 0.0000010 0.0101061 0.0066683 0.0135301 0.3947877 
Lilium_brownii            0.0077283 0.0066187 0.0077771 0.0021866 0.0090575 0.0226583 0.0088475 0.2112839 0.2270632 0.2344051 0.0079155 0.0180081 0.0134942 0.0000000 0.0079214 0.0077312 0.0079214 0.0066187 0.0134895 0.0126593 0.0077312 0.0146396 0.0123556 0.0146287 0.0010927 0.0147416 0.0169871 0.0134942 0.0146685 0.0134837 0.0079155 0.0146396 0.0149260 0.0135068 0.0135068 0.0146399 0.0134942 0.0077312 0.0157892 0.0203618 0.3945368 
Lilium_callosum           0.0022569 0.0011229 0.0045172 0.0079222 0.0011090 0.0173935 0.0011220 0.2159877 0.2286968 0.2393772 0.0000010 0.0149912 0.0103693 0.0079214 0.0000000 0.0000010 0.0000010 0.0011240 0.0103656 0.0094058 0.0000010 0.0115383 0.0092064 0.0115295 0.0067682 0.0116207 0.0139259 0.0103693 0.0115352 0.0103610 0.0000010 0.0115383 0.0117938 0.0103793 0.0103793 0.0115122 0.0103693 0.0000010 0.0127114 0.0150628 0.3902829 
Lilium_cernuum            0.0022028 0.0010957 0.0044292 0.0077319 0.0011177 0.0181080 0.0010949 0.2159877 0.2286968 0.2393772 0.0000010 0.0145821 0.0100962 0.0077312 0.0000010 0.0000000 0.0000010 0.0010978 0.0100829 0.0090475 0.0000010 0.0112341 0.0089729 0.0112367 0.0065872 0.0113011 0.0135435 0.0100962 0.0112614 0.0100786 0.0000010 0.0112450 0.0114990 0.0101254 0.0100959 0.0112068 0.0100962 0.0000010 0.0123879 0.0158325 0.3902829 
Lilium_concolor           0.0022569 0.0011218 0.0045083 0.0079222 0.0011069 0.0173935 0.0011209 0.2159877 0.2286968 0.2393772 0.0000010 0.0149613 0.0103486 0.0079214 0.0000010 0.0000010 0.0000000 0.0011240 0.0103449 0.0094058 0.0000010 0.0115153 0.0091973 0.0115180 0.0067549 0.0115973 0.0138980 0.0103486 0.0115352 0.0103404 0.0000010 0.0115268 0.0117938 0.0103793 0.0103586 0.0114893 0.0103486 0.0000010 0.0126987 0.0150628 0.3902829 
Lilium_davidii            0.0011001 0.0000010 0.0033274 0.0066193 0.0022505 0.0169552 0.0021986 0.2126122 0.2251469 0.2389883 0.0011232 0.0134962 0.0089896 0.0066187 0.0011240 0.0010978 0.0011240 0.0000000 0.0089864 0.0072237 0.0010978 0.0101277 0.0078569 0.0101202 0.0055037 0.0101983 0.0124481 0.0089896 0.0101326 0.0089826 0.0011232 0.0101277 0.0103361 0.0089980 0.0089980 0.0101129 0.0089896 0.0010978 0.0112698 0.0146834 0.3908793 
Lilium_distichum          0.0101283 0.0089690 0.0101384 0.0134907 0.0114772 0.0157256 0.0101113 0.2186228 0.2330084 0.2396156 0.0103166 0.0111494 0.0066518 0.0134895 0.0103656 0.0100829 0.0103449 0.0089864 0.0000000 0.0053996 0.0101025 0.0077487 0.0055436 0.0088523 0.0122994 0.0089804 0.0112109 0.0066582 0.0078545 0.0044289 0.0103371 0.0078009 0.0079695 0.0077939 0.0066258 0.0077785 0.0066518 0.0101025 0.0077636 0.0134720 0.3944899 
Lilium_duchartrei         0.0090495 0.0072237 0.0054643 0.0126414 0.0094058 0.0126341 0.0090475 0.2100111 0.2243803 0.2369092 0.0094058 0.0108366 0.0035939 0.0126593 0.0094058 0.0090475 0.0094058 0.0072237 0.0053996 0.0000000 0.0090475 0.0054015 0.0017931 0.0054015 0.0108294 0.0054611 0.0072934 0.0035939 0.0053996 0.0072098 0.0094058 0.0054015 0.0055706 0.0054015 0.0054015 0.0053871 0.0035939 0.0090475 0.0053987 0.0108231 0.3808342 
Lilium_hansonii           0.0022028 0.0010957 0.0044335 0.0077319 0.0011199 0.0181080 0.0010949 0.2159877 0.2286968 0.2393772 0.0000010 0.0146105 0.0101061 0.0077312 0.0000010 0.0000010 0.0000010 0.0010978 0.0101025 0.0090475 0.0000000 0.0112450 0.0089729 0.0112367 0.0065998 0.0113232 0.0135700 0.0101061 0.0112614 0.0100982 0.0000010 0.0112450 0.0114990 0.0101254 0.0101155 0.0112286 0.0101061 0.0000010 0.0123879 0.0158325 0.3902829 
Lilium_henryi             0.0112737 0.0101080 0.0101515 0.0146409 0.0126731 0.0168952 0.0112548 0.2082734 0.2196555 0.2307168 0.0115065 0.0123098 0.0077816 0.0146396 0.0115383 0.0112341 0.0115153 0.0101277 0.0077487 0.0054015 0.0112450 0.0000000 0.0066689 0.0000010 0.0134544 0.0101483 0.0123872 0.0077816 0.0089925 0.0077900 0.0115065 0.0000010 0.0045486 0.0000010 0.0000010 0.0089226 0.0077816 0.0112450 0.0100044 0.0146206 0.3943089 
Lilium_lankongense        0.0089891 0.0078417 0.0089935 0.0123476 0.0103521 0.0146627 0.0089808 0.2097285 0.2221318 0.2332344 0.0091903 0.0100557 0.0055495 0.0123556 0.0092064 0.0089729 0.0091973 0.0078569 0.0055436 0.0017931 0.0089729 0.0066689 0.0000000 0.0066640 0.0111942 0.0078864 0.0101264 0.0055495 0.0067271 0.0055773 0.0091903 0.0067074 0.0068529 0.0055600 0.0055547 0.0067076 0.0055495 0.0089729 0.0077917 0.0123884 0.3963262 
Lilium_leucanthum         0.0112654 0.0101005 0.0112960 0.0146301 0.0126761 0.0168827 0.0112465 0.2103516 0.2196555 0.2307168 0.0115092 0.0123126 0.0077834 0.0146287 0.0115295 0.0112367 0.0115180 0.0101202 0.0088523 0.0054015 0.0112367 0.0000010 0.0066640 0.0000000 0.0134575 0.0101506 0.0123901 0.0077834 0.0089859 0.0077918 0.0115092 0.0000010 0.0045452 0.0000010 0.0000010 0.0089247 0.0077834 0.0112367 0.0099970 0.0146098 0.3943089 
Lilium_longiflorum        0.0066211 0.0054932 0.0066373 0.0010928 0.0078769 0.0214988 0.0077101 0.2112839 0.2270632 0.2344051 0.0067433 0.0167926 0.0123157 0.0010927 0.0067682 0.0065872 0.0067549 0.0055037 0.0122994 0.0108294 0.0065998 0.0134544 0.0111942 0.0134575 0.0000000 0.0135345 0.0157696 0.0123157 0.0134971 0.0122942 0.0067499 0.0134675 0.0137710 0.0123511 0.0123152 0.0134317 0.0123157 0.0065998 0.0146114 0.0192068 0.3919918 
Lilium_lophophorum        0.0113524 0.0101783 0.0113383 0.0147429 0.0127251 0.0182040 0.0113332 0.2142735 0.2269653 0.2343859 0.0115537 0.0135375 0.0090347 0.0147416 0.0116207 0.0113011 0.0115973 0.0101983 0.0089804 0.0054611 0.0113232 0.0101483 0.0078864 0.0101506 0.0135345 0.0000000 0.0011074 0.0090435 0.0102289 0.0089833 0.0115884 0.0101582 0.0103806 0.0090698 0.0089987 0.0101287 0.0090347 0.0113232 0.0113037 0.0159201 0.4010948 
Lilium_nanum              0.0136049 0.0124238 0.0135880 0.0169887 0.0150185 0.0204526 0.0135819 0.2142735 0.2269653 0.2343859 0.0138457 0.0157731 0.0112785 0.0169871 0.0139259 0.0135435 0.0138980 0.0124481 0.0112109 0.0072934 0.0135700 0.0123872 0.0101264 0.0123901 0.0157696 0.0011074 0.0000000 0.0112896 0.0124855 0.0112144 0.0138873 0.0123993 0.0126704 0.0113224 0.0112337 0.0123634 0.0112785 0.0135700 0.0135467 0.0181704 0.4010948 
Lilium_nepalense          0.0101319 0.0089721 0.0101495 0.0134955 0.0115042 0.0158088 0.0101149 0.2102584 0.2196555 0.2365285 0.0103408 0.0078044 0.0000010 0.0134942 0.0103693 0.0100962 0.0103486 0.0089896 0.0066582 0.0035939 0.0101061 0.0077816 0.0055495 0.0077834 0.0123157 0.0090435 0.0112896 0.0000000 0.0033536 0.0066938 0.0103408 0.0078342 0.0080104 0.0066796 0.0066667 0.0078268 0.0000010 0.0101061 0.0066683 0.0135301 0.3947877 
Lilium_pardanthinum       0.0112960 0.0101228 0.0113380 0.0146699 0.0127048 0.0169705 0.0112712 0.2131296 0.2226405 0.2396156 0.0115352 0.0067160 0.0033536 0.0146685 0.0115352 0.0112614 0.0115352 0.0101326 0.0078545 0.0053996 0.0112614 0.0089925 0.0067271 0.0089859 0.0134971 0.0102289 0.0124855 0.0033536 0.0000000 0.0078453 0.0115352 0.0089925 0.0091865 0.0078646 0.0078646 0.0089728 0.0033536 0.0112614 0.0078589 0.0146966 0.3954710 
Lilium_philadelphicum     0.0101240 0.0089651 0.0101416 0.0134849 0.0114722 0.0157188 0.0101070 0.2122444 0.2247449 0.2359010 0.0103121 0.0111446 0.0066874 0.0134837 0.0103610 0.0100786 0.0103404 0.0089826 0.0044289 0.0072098 0.0100982 0.0077900 0.0055773 0.0077918 0.0122942 0.0089833 0.0112144 0.0066938 0.0078453 0.0000000 0.0103326 0.0077976 0.0079721 0.0067131 0.0066611 0.0077752 0.0066874 0.0100982 0.0078051 0.0134663 0.3888130 
Lilium_pumilum            0.0022552 0.0011209 0.0045050 0.0079163 0.0011060 0.0173802 0.0011201 0.2159877 0.2286968 0.2393772 0.0000010 0.0149500 0.0103408 0.0079155 0.0000010 0.0000010 0.0000010 0.0011232 0.0103371 0.0094058 0.0000010 0.0115065 0.0091903 0.0115092 0.0067499 0.0115884 0.0138873 0.0103408 0.0115352 0.0103326 0.0000000 0.0115180 0.0117846 0.0103714 0.0103507 0.0114893 0.0103408 0.0000010 0.0126890 0.0150512 0.3902829 
Lilium_regale             0.0112737 0.0101080 0.0101614 0.0146409 0.0126858 0.0168952 0.0112548 0.2082734 0.2196555 0.2307168 0.0115180 0.0123217 0.0078342 0.0146396 0.0115383 0.0112450 0.0115268 0.0101277 0.0078009 0.0054015 0.0112450 0.0000010 0.0067074 0.0000010 0.0134675 0.0101582 0.0123993 0.0078342 0.0089925 0.0077976 0.0115180 0.0000000 0.0045486 0.0000010 0.0000010 0.0089312 0.0078342 0.0112450 0.0100622 0.0146206 0.3907014 
Lilium_rosthornii         0.0114946 0.0103361 0.0115524 0.0149275 0.0129798 0.0172259 0.0115093 0.2087913 0.2245085 0.2352763 0.0117846 0.0125989 0.0080104 0.0149260 0.0117938 0.0114990 0.0117938 0.0103361 0.0079695 0.0055706 0.0114990 0.0045486 0.0068529 0.0045452 0.0137710 0.0103806 0.0126704 0.0080104 0.0091865 0.0079721 0.0117846 0.0045486 0.0000000 0.0034235 0.0034098 0.0091315 0.0080104 0.0114990 0.0102882 0.0149064 0.3942786 
Lilium_sargentiae         0.0101414 0.0089893 0.0090368 0.0135081 0.0115383 0.0158236 0.0101342 0.2056675 0.2192059 0.2307168 0.0103714 0.0112070 0.0066796 0.0135068 0.0103793 0.0101254 0.0103793 0.0089980 0.0077939 0.0054015 0.0101254 0.0000010 0.0055600 0.0000010 0.0123511 0.0090698 0.0113224 0.0066796 0.0078646 0.0067131 0.0103714 0.0000010 0.0034235 0.0000000 0.0000010 0.0078494 0.0066796 0.0101254 0.0089318 0.0135427 0.3943089 
Lilium_souliei            0.0101414 0.0089805 0.0090191 0.0135081 0.0114923 0.0157458 0.0101244 0.2056675 0.2196555 0.2307168 0.0103301 0.0111636 0.0066603 0.0135068 0.0103793 0.0100959 0.0103586 0.0089980 0.0066258 0.0054015 0.0101155 0.0000010 0.0055547 0.0000010 0.0123152 0.0089987 0.0112337 0.0066667 0.0078646 0.0066611 0.0103507 0.0000010 0.0034098 0.0000010 0.0000000 0.0077884 0.0066603 0.0101155 0.0088884 0.0134894 0.3943089 
Lilium_superbum           0.0112740 0.0100933 0.0112937 0.0146413 0.0126290 0.0100503 0.0112383 0.2120568 0.2245370 0.2356771 0.0114665 0.0122862 0.0078192 0.0146399 0.0115122 0.0112068 0.0114893 0.0101129 0.0077785 0.0053871 0.0112286 0.0089226 0.0067076 0.0089247 0.0134317 0.0101287 0.0123634 0.0078268 0.0089728 0.0077752 0.0114893 0.0089312 0.0091315 0.0078494 0.0077884 0.0000000 0.0078192 0.0112286 0.0100624 0.0078244 0.3948223 
Lilium_taliense           0.0101319 0.0089721 0.0101495 0.0134955 0.0114928 0.0157934 0.0101149 0.2102584 0.2196555 0.2365285 0.0103305 0.0077969 0.0000010 0.0134942 0.0103693 0.0100962 0.0103486 0.0089896 0.0066518 0.0035939 0.0101061 0.0077816 0.0055495 0.0077834 0.0123157 0.0090347 0.0112785 0.0000010 0.0033536 0.0066874 0.0103408 0.0078342 0.0080104 0.0066796 0.0066603 0.0078192 0.0000000 0.0101061 0.0066683 0.0135301 0.3947877 
Lilium_tsingtauense       0.0022028 0.0010957 0.0044335 0.0077319 0.0011199 0.0181080 0.0010949 0.2159877 0.2286968 0.2393772 0.0000010 0.0146105 0.0101061 0.0077312 0.0000010 0.0000010 0.0000010 0.0010978 0.0101025 0.0090475 0.0000010 0.0112450 0.0089729 0.0112367 0.0065998 0.0113232 0.0135700 0.0101061 0.0112614 0.0100982 0.0000010 0.0112450 0.0114990 0.0101254 0.0101155 0.0112286 0.0101061 0.0000000 0.0123879 0.0158325 0.3902829 
Lilium_wardii             0.0124196 0.0112478 0.0124535 0.0157907 0.0138601 0.0180485 0.0123987 0.2250919 0.2350973 0.2465792 0.0126890 0.0123288 0.0066683 0.0157892 0.0127114 0.0123879 0.0126987 0.0112698 0.0077636 0.0053987 0.0123879 0.0100044 0.0077917 0.0099970 0.0146114 0.0113037 0.0135467 0.0066683 0.0078589 0.0078051 0.0126890 0.0100622 0.0102882 0.0089318 0.0088884 0.0100624 0.0066683 0.0123879 0.0000000 0.0157688 0.3924683 
Lilium_washingtonianum    0.0158229 0.0146834 0.0159355 0.0203438 0.0162295 0.0044585 0.0158463 0.2177676 0.2305033 0.2417978 0.0150512 0.0180559 0.0135301 0.0203618 0.0150628 0.0158325 0.0150628 0.0146834 0.0134720 0.0108231 0.0158325 0.0146206 0.0123884 0.0146098 0.0192068 0.0159201 0.0181704 0.0135301 0.0146966 0.0134663 0.0150512 0.0146206 0.0149064 0.0135427 0.0134894 0.0078244 0.0135301 0.0158325 0.0157688 0.0000000 0.3949211 
Nymphaea_alba             0.3859374 0.3877384 0.3868701 0.3935164 0.3895843 0.3949540 0.3930532 0.4723991 0.4247143 0.4590479 0.3902829 0.4017613 0.3947877 0.3945368 0.3902829 0.3902829 0.3902829 0.3908793 0.3944899 0.3808342 0.3902829 0.3943089 0.3963262 0.3943089 0.3919918 0.4010948 0.4010948 0.3947877 0.3954710 0.3888130 0.3902829 0.3907014 0.3942786 0.3943089 0.3943089 0.3948223 0.3947877 0.3902829 0.3924683 0.3949211 0.0000000 
