24
Lilium_bulbiferum         0.0000000 0.0000010 0.0049485 0.0049526 0.0049538 0.0099316 0.1768513 0.2067007 0.2423021 0.0049538 0.0099316 0.0200131 0.0049526 0.0099466 0.0099466 0.0049545 0.0257963 0.0149384 0.0200366 0.0149561 0.0149496 0.0149535 0.0149535 0.3624125 
Lilium_martagon           0.0000010 0.0000000 0.0049485 0.0049526 0.0049538 0.0099316 0.1768513 0.2067007 0.2423021 0.0049538 0.0099316 0.0200131 0.0049526 0.0099466 0.0099466 0.0049545 0.0257963 0.0149384 0.0200366 0.0149561 0.0149496 0.0149535 0.0149535 0.3624125 
Lilium_candidum           0.0049485 0.0049485 0.0000000 0.0099316 0.0099342 0.0049473 0.1704280 0.1999566 0.2354134 0.0099342 0.0049473 0.0149535 0.0099316 0.0149601 0.0149601 0.0099358 0.0205614 0.0099217 0.0149708 0.0099332 0.0099291 0.0099316 0.0099316 0.3698694 
Lilium_formosanum         0.0049526 0.0049526 0.0099316 0.0000000 0.0099423 0.0149496 0.1832613 0.2134179 0.2491458 0.0099423 0.0149496 0.0251041 0.0000010 0.0149723 0.0149723 0.0099439 0.0310614 0.0199876 0.0251341 0.0200116 0.0200025 0.0200078 0.0200078 0.3701857 
Lilium_lancifolium        0.0049538 0.0049538 0.0099342 0.0099423 0.0000000 0.0149535 0.1833266 0.2134984 0.2492427 0.0000010 0.0149535 0.0251108 0.0099423 0.0049599 0.0049599 0.0099465 0.0310700 0.0199929 0.0251408 0.0200169 0.0200078 0.0200131 0.0200131 0.3549896 
Lilium_pardalinum         0.0099316 0.0099316 0.0049473 0.0149496 0.0149535 0.0000000 0.1767889 0.2066235 0.2422087 0.0149535 0.0000010 0.0099416 0.0149496 0.0200171 0.0200171 0.0149561 0.0153805 0.0049473 0.0099529 0.0049529 0.0049509 0.0049522 0.0049522 0.3776800 
Asparagus_officinalis     0.1768513 0.1768513 0.1704280 0.1832613 0.1833266 0.1767889 0.0000000 0.0981368 0.1308436 0.1833266 0.1767889 0.1849869 0.1832613 0.1857761 0.1857761 0.1834812 0.2016003 0.1788218 0.1901626 0.1834157 0.1831961 0.1832613 0.1832613 0.3635018 
Hyacinthoides_non-scripta 0.2067007 0.2067007 0.1999566 0.2134179 0.2134984 0.2066235 0.0981368 0.0000000 0.1551914 0.2134984 0.2066235 0.2202662 0.2134179 0.2163922 0.2163922 0.2137141 0.2333153 0.2089967 0.2207465 0.2136333 0.2133375 0.2134179 0.2134179 0.3633344 
Iris_germanica            0.2423021 0.2423021 0.2354134 0.2491458 0.2492427 0.2422087 0.1308436 0.1551914 0.0000000 0.2492427 0.2422087 0.2561358 0.2491458 0.2525695 0.2525695 0.2495384 0.2701884 0.2400374 0.2567373 0.2454878 0.2490489 0.2491458 0.2491458 0.4251549 
Lilium_amabile            0.0049538 0.0049538 0.0099342 0.0099423 0.0000010 0.0149535 0.1833266 0.2134984 0.2492427 0.0000000 0.0149535 0.0251108 0.0099423 0.0049599 0.0049599 0.0099465 0.0310700 0.0199929 0.0251408 0.0200169 0.0200078 0.0200131 0.0200131 0.3549896 
Nomocharis_aperta         0.0099316 0.0099316 0.0049473 0.0149496 0.0149535 0.0000010 0.1767889 0.2066235 0.2422087 0.0149535 0.0000000 0.0099416 0.0149496 0.0200171 0.0200171 0.0149561 0.0153805 0.0049473 0.0099529 0.0049529 0.0049509 0.0049522 0.0049522 0.3776800 
Lilium_bakerianum         0.0200131 0.0200131 0.0149535 0.0251041 0.0251108 0.0099416 0.1849869 0.2202662 0.2561358 0.0251108 0.0099416 0.0000000 0.0251041 0.0302554 0.0302554 0.0251160 0.0203282 0.0149535 0.0099636 0.0149711 0.0149646 0.0049575 0.0149685 0.3938002 
Lilium_brownii            0.0049526 0.0049526 0.0099316 0.0000010 0.0099423 0.0149496 0.1832613 0.2134179 0.2491458 0.0099423 0.0149496 0.0251041 0.0000000 0.0149723 0.0149723 0.0099439 0.0310614 0.0199876 0.0251341 0.0200116 0.0200025 0.0200078 0.0200078 0.3701857 
Lilium_callosum           0.0099466 0.0099466 0.0149601 0.0149723 0.0049599 0.0200171 0.1857761 0.2163922 0.2525695 0.0049599 0.0200171 0.0302554 0.0149723 0.0000000 0.0000010 0.0149789 0.0363922 0.0250908 0.0302921 0.0251214 0.0251096 0.0251163 0.0251163 0.3599340 
Lilium_concolor           0.0099466 0.0099466 0.0149601 0.0149723 0.0049599 0.0200171 0.1857761 0.2163922 0.2525695 0.0049599 0.0200171 0.0302554 0.0149723 0.0000010 0.0000000 0.0149789 0.0363922 0.0250908 0.0302921 0.0251214 0.0251096 0.0251163 0.0251163 0.3599340 
Lilium_davidii            0.0049545 0.0049545 0.0099358 0.0099439 0.0099465 0.0149561 0.1834812 0.2137141 0.2495384 0.0099465 0.0149561 0.0251160 0.0099439 0.0149789 0.0149789 0.0000000 0.0310771 0.0199967 0.0251460 0.0200207 0.0200116 0.0200169 0.0200169 0.3710972 
Lilium_distichum          0.0257963 0.0257963 0.0205614 0.0310614 0.0310700 0.0153805 0.2016003 0.2333153 0.2701884 0.0310700 0.0153805 0.0203282 0.0310614 0.0363922 0.0363922 0.0310771 0.0000000 0.0205614 0.0203525 0.0205867 0.0205771 0.0151892 0.0205827 0.3972278 
Lilium_lankongense        0.0149384 0.0149384 0.0099217 0.0199876 0.0199929 0.0049473 0.1788218 0.2089967 0.2400374 0.0199929 0.0049473 0.0149535 0.0199876 0.0250908 0.0250908 0.0199967 0.0205614 0.0000000 0.0149708 0.0099332 0.0099291 0.0099316 0.0099316 0.3817391 
Lilium_nepalense          0.0200366 0.0200366 0.0149708 0.0251341 0.0251408 0.0099529 0.1901626 0.2207465 0.2567373 0.0251408 0.0099529 0.0099636 0.0251341 0.0302921 0.0302921 0.0251460 0.0203525 0.0149708 0.0000000 0.0149885 0.0100430 0.0049631 0.0149858 0.3907881 
Lilium_philadelphicum     0.0149561 0.0149561 0.0099332 0.0200116 0.0200169 0.0049529 0.1834157 0.2136333 0.2454878 0.0200169 0.0049529 0.0149711 0.0200116 0.0251214 0.0251214 0.0200207 0.0205867 0.0099332 0.0149885 0.0000000 0.0099406 0.0099432 0.0099432 0.3830558 
Lilium_rosthornii         0.0149496 0.0149496 0.0099291 0.0200025 0.0200078 0.0049509 0.1831961 0.2133375 0.2490489 0.0200078 0.0049509 0.0149646 0.0200025 0.0251096 0.0251096 0.0200116 0.0205771 0.0099291 0.0100430 0.0099406 0.0000000 0.0099390 0.0099390 0.3701920 
Lilium_taliense           0.0149535 0.0149535 0.0099316 0.0200078 0.0200131 0.0049522 0.1832613 0.2134179 0.2491458 0.0200131 0.0049522 0.0049575 0.0200078 0.0251163 0.0251163 0.0200169 0.0151892 0.0099316 0.0049631 0.0099432 0.0099390 0.0000000 0.0099416 0.3857143 
Lilium_wardii             0.0149535 0.0149535 0.0099316 0.0200078 0.0200131 0.0049522 0.1832613 0.2134179 0.2491458 0.0200131 0.0049522 0.0149685 0.0200078 0.0251163 0.0251163 0.0200169 0.0205827 0.0099316 0.0149858 0.0099432 0.0099390 0.0099416 0.0000000 0.3701857 
Nymphaea_alba             0.3624125 0.3624125 0.3698694 0.3701857 0.3549896 0.3776800 0.3635018 0.3633344 0.4251549 0.3549896 0.3776800 0.3938002 0.3701857 0.3599340 0.3599340 0.3710972 0.3972278 0.3817391 0.3907881 0.3830558 0.3701920 0.3857143 0.3701857 0.0000000 
